NODOS:
1 RAIZ 0.0 0.0 0.0 6.0
2 BIFURCACION 15.2 4.5 3.2 3.8
3 BIFURCACION 28.4 8.9 6.4 3.2
4 BIFURCACION 42.1 13.2 9.5 2.8
5 TERMINAL 55.3 17.8 12.1 1.8
6 TERMINAL 54.2 9.5 11.3 1.6
7 BIFURCACION 41.5 4.8 8.7 2.7
8 TERMINAL 56.8 7.2 11.5 1.5
9 TERMINAL 55.1 1.2 10.8 1.4
10 BIFURCACION 29.8 0.5 6.2 3.1
11 BIFURCACION 43.2 -3.8 9.1 2.6
12 TERMINAL 58.4 -7.2 12.3 1.2
13 TERMINAL 57.1 -1.5 11.2 1.3
14 BIFURCACION 42.3 -1.2 8.4 2.4
15 TERMINAL 56.5 -4.5 10.8 1.1
16 TERMINAL 55.2 0.5 9.9 1.2

ARISTAS:
2 1 15.2 3.8 1.04
3 2 14.5 3.2 1.08
4 3 14.8 2.8 1.12
5 4 13.8 2.1 1.09
6 4 12.9 2.0 1.07
7 3 13.2 2.7 1.11
8 7 15.5 2.2 1.14
9 7 14.1 2.1 1.10
10 2 15.3 3.1 1.06
11 10 14.2 2.6 1.13
12 11 15.8 1.9 1.18
13 11 14.3 2.0 1.15
14 10 13.5 2.4 1.12
15 14 14.8 1.8 1.19
16 14 13.2 1.9 1.16